/*--------------------------------*- C++ -*----------------------------------*\
| =========                 |                                                 |
| \\      /  F ield         | OpenFOAM: The Open Source CFD Toolbox           |
|  \\    /   O peration     | Version:  2512                                  |
|   \\  /    A nd           | Website:  www.openfoam.com                      |
|    \\/     M anipulation  |                                                 |
\*---------------------------------------------------------------------------*/
FoamFile
{
    version     2.0;
    format      ascii;
    arch        "LSB;label=32;scalar=64";
    class       volVectorField;
    location    "0.007";
    object      U;
}
// * * * * * * * * * * * * * * * * * * * * * * * * * * * * * * * * * * * * * //

dimensions      [0 1 -1 0 0 0 0];

internalField   nonuniform List<vector> 
100
(
(9.45797e-14 0 0)
(1.57633e-13 0 0)
(7.39661e-14 0 0)
(-1.45507e-14 0 0)
(6.30531e-14 0 0)
(1.85522e-13 0 0)
(2.34024e-13 0 0)
(1.06705e-13 0 0)
(1.9401e-14 0 0)
(9.21545e-14 0 0)
(1.64908e-13 0 0)
(8.24541e-14 0 0)
(-3.51642e-14 0 0)
(-8.73043e-14 0 0)
(-7.63913e-14 0 0)
(-8.36666e-14 0 0)
(-3.75894e-14 0 0)
(-5.09275e-14 0 0)
(4.5956e-13 0 0)
(1.32036e-08 0 0)
(5.45578e-05 0 0)
(0.0159067 0 0)
(0.564359 0 0)
(4.39997 0 0)
(13.4149 0 0)
(24.9743 0 0)
(36.7483 0 0)
(48.2146 0 0)
(59.458 0 0)
(70.5977 0 0)
(81.6986 0 0)
(92.79 0 0)
(103.885 0 0)
(114.991 0 0)
(126.113 0 0)
(137.255 0 0)
(148.422 0 0)
(159.619 0 0)
(170.848 0 0)
(182.115 0 0)
(193.422 0 0)
(204.77 0 0)
(216.156 0 0)
(227.575 0 0)
(239.013 0 0)
(250.443 0 0)
(261.805 0 0)
(272.92 0 0)
(283.276 0 0)
(291.448 0 0)
(295.139 0 0)
(294.763 0 0)
(292.628 0 0)
(293.069 0 0)
(293.354 0 0)
(293.485 0 0)
(293.674 0 0)
(293.788 0 0)
(293.71 0 0)
(293.664 0 0)
(293.69 0 0)
(293.702 0 0)
(293.667 0 0)
(293.616 0 0)
(293.574 0 0)
(293.57 0 0)
(293.591 0 0)
(293.567 0 0)
(293.531 0 0)
(293.65 0 0)
(293.862 0 0)
(293.614 0 0)
(293.6 0 0)
(295.149 0 0)
(293.907 0 0)
(292.478 0 0)
(292.169 0 0)
(292.062 0 0)
(292.046 0 0)
(292.399 0 0)
(293.497 0 0)
(294.663 0 0)
(294.811 0 0)
(294.493 0 0)
(293.816 0 0)
(292.94 0 0)
(291.663 0 0)
(285.201 0 0)
(236.435 0 0)
(80.9731 0 0)
(2.37736 0 0)
(0.0024402 0 0)
(4.74942e-08 0 0)
(3.54042e-13 0 0)
(-1.84296e-13 0 0)
(-1.43072e-13 0 0)
(-1.81871e-13 0 0)
(-1.57621e-13 0 0)
(-9.33604e-14 0 0)
(-1.80658e-13 0 0)
)
;

boundaryField
{
    sides
    {
        type            fixedValue;
        value           uniform (0 0 0);
    }
    empty
    {
        type            empty;
    }
}


// ************************************************************************* //
